2.806
3.043
2.774
2.32
2.181
2.019
1.944
2.648
2.988
2.812
2.364
3.02
3.757
2.701
2.49
2.912
2.409
2.469
2.529
2.353
2.453
2.603
2.61
2.943
2.692
2.895
2.57
2.513
2.882
2.65
2.471
3.04
2.653
2.83
4.228
2.66
4.266
3.546
2.659
2.657
2.642
3.143
2.652
3.1
3.265
3.089
3.311
2.981
2.982
2.946
2.99
3.219
3.992
2.812
3.048
3.57
3.619
3.425
3.38
5.202
4.393
5.116
5.16
4.456
5.471
5.882
5.622
3.319
4.467
5.435
5.254
6.397
5.727
7.095
6.194
5.548
5.088
5.187
3.672
5.267
6.132
4.95
3.95
6.252
4.955
5.56
4.981
4.867
4.728
3.43
4.909
5.118
5.177
4.698
4.861
5.755
5.757
4.685
3.561
3.267
3.941
2.528
2.965
3.209
3.808
2.604
4.378
3.259
2.559
3.518
4.745
4.145
2.666
5.253
4.129
2.528
4.046
2.602
3.146
3.8
3.43
3.667
3.377
2.96
4.233
2.62
2.91
3.933
2.113
2.049
2.451
3.683
3.543
6.047
5.44
7.207
5.23
4.513
5.947
3.756
4.678
4.762
5.584
3.19
5.25
6.143
6.013
2.47
3.9
4.664
4.478
2.276
2.305
2.346
4.178
2.943
2.745
2.601
3.689
2.95
2.598
2.554
2.411
2.066
2.429
4.067
3.301
2.484
2.362
2.342
2.44
2.78
3.415
2.814
3.063
5.718
6.997
2.698
3.195
4.207
3.75
3.164
2.8
3.264
2.885
3.168
3.266
5.417
5.747
2.816
2.85
2.921
3.404
3.476
3.699
3.454
3.219
3.649
4.202
3.632
3.488
3.811
4.595
5.04
3.583
3.186
3.044
2.82
3.009
4.363
3.511
3.003
3.01
2.524
5.204
5.474
3.711
5.917
3.621
3.122
4.411
6.207
4.951
5.875
3.482
4.953
4.695
5.499
4.328
5.074
4.562
4.088
4.897
5.884
2.953
3.224
5.684
4.589
7.397
7.27
3.674
4.383
3.994
3.97
7.177
4.243
6.438
3.591
3.577
3.996
6.348
7.698
6.026
6.786
4.393
4.295
5.535
5.917
5.712
6.078
3.196
5.184
6.328
6.752
5.085
3.908
5.089
4.049
4.604
3.37
6.293
4.321
6.309
8.415
5.251
3.998
4.346
7.719
6.526
6.689
4.229
4.521
4.362
5.033
4.303
4.177
3.976
3.866
3.625
3.535
3.287
4.584
5.483
5.9
4.305
3.889
3.985
3.958
4.228
4.208
4.43
4.542
4.579
3.808
3.673
3.626
5.23
4.189
3.904
4.631
4.956
4.135
5.4
3.843
4.456
3.111
3.766
6.077
5.873
4.488
5.792
6.807
6.624
6.696
5.46
5.995
7.414
8.61
5.415
4.21
5.142
7.233
7.535
7.406
7.16
6.381
5.783
9.368
10.084
6.182
4.121
3.784
5.269
4.777
6.559
4.625
7.055
5.456
5.07
6.271
7.282
7.945
4.304
5.616
5.773
5.448
5.583
4.955
6.298
5.103
8.272
8.733
5.537